153.57508660158024, 91.258688847349362, 129.20504072348029, 114.61694604867971, 122.88665197173967, 81.480966035203934, 81.060479462460563, 124.88143335287825, 255.67038182487335, 139.46153669197005, 93.14944891677743, 75.953632195663971, 280.71901493068526, 136.73685912531016, 95.033407859940283, 133.67807247232665
117.46008979355162, 71.275293642313187, 70.417028790232976, 89.766916904949966, 103.27286709732654, 72.162176835411628, 118.54124316898299, 119.84452831737636, 123.65320022215263, 108.23248506125979, 71.979163701583403, 94.334368628362967, 117.40983144298491, 82.571891912434083, 75.771972789840589, 99.436720373930427
133.80567651814235, 89.569768601704794, 60.535160574286174, 59.912593331451035, 291.86924474780437, 110.74115107271516, 88.524774520032352, 129.96453277745746, 155.77875756955183, 62.750775481190345, 95.148373617732972, 67.550130843301218, 178.60683622717391, 66.821475474470944, 74.412724372723218, 62.151831286727671
111.97462972235468, 69.148432738738052, 71.371496395407235, 80.060943181051698, 209.04510700888963, 107.17946104992332, 106.40904205542124, 112.89596953963313, 170.32113118357415, 56.964895333085067, 95.630159447845969, 87.697007173588858, 148.40464922947268, 65.25965818489405, 127.38674714142465, 84.126168754376394
138.87145115927396, 66.54041495208665, 58.279262460064025, 58.702253722323462, 149.45265074519637, 93.821255961548346, 74.503941159164029, 65.513463088637934, 213.89424990728713, 57.259695620552158, 68.170443909330302, 66.947155953750567, 114.27087622021016, 61.620881135484218, 94.927766940704558, 67.284541841866385
164.9314180314889, 131.62423763637719, 141.47906867988655, 148.09260076868199, 192.76376098720485, 103.22266714872327, 133.47756273719844, 242.78011894249019, 211.06892722148945, 82.063600771678182, 99.060295291680845, 88.888859077601566, 153.1451228758809, 86.804098405114317, 99.829865449124142, 124.00587961406647
570.22687211864945, 270.41803485677065, 401.40438639954647, 328.73022137812961, 744.77450691420188, 352.69045594896568, 403.87085678128506, 423.92138839492389, 629.4708403474599, 330.25935515334879, 389.58234423232909, 347.27547233351982, 347.21721141335382, 248.2785355102761, 326.46464728034982, 393.95226973831069
454.8876920450794, 207.78248663611026, 146.2755314003538, 184.94133350202122, 439.03095831591878, 228.95061490289496, 101.4541109866322, 261.80225822762628, 397.53008052501536, 126.33577026335044, 160.97677237919129, 146.74735519483033, 250.73954420421603, 123.55487008193946, 131.35516897348759, 102.23105359518115
110.54258528000837, 85.810834062532777, 68.291906594987111, 60.979627977294676, 106.35293719915958, 93.139237546771184, 64.906624373880405, 78.936231706797599, 344.25316118147077, 74.473455099591945, 80.54836416274506, 81.67833038626803, 194.10570034002316, 82.111678558579314, 90.479860943473568, 85.343402078852804
102.77838924058277, 70.953834091687796, 59.777573736661552, 65.534325867956724, 112.91188504043825, 66.346927896886896, 69.719906555322254, 67.948650210549701, 239.8588022356426, 73.254152305758112, 62.169291808845998, 78.969279992012432, 147.05027736752623, 90.409269037241444, 87.380698263440195, 94.47069990892841
224.47645101555017, 185.19750192243816, 88.846999652069201, 149.54702118530167, 235.28502755660105, 114.22740647742513, 175.72672840687648, 97.451785644550554, 214.85913566191505, 142.34905149843499, 155.59493355263211, 146.22750800627438, 176.51236218271563, 107.85981821690366, 111.19977728454948, 163.53896292810123
94.844551013219302, 59.267187839161252, 53.351886212547051, 80.314599347578223, 106.7603338671654, 61.262915488621729, 62.07960609392893, 101.88967819912031, 158.96362041111308, 68.983972681642527, 88.384496347465898, 95.815209122248433, 138.07724986129662, 63.71591013363475, 103.5657089693164, 139.98839788241244
112.35604751822461, 72.898258228895187, 76.709875651527526, 95.742871185772401, 91.370628843486514, 59.637532026749795, 123.36275517818892, 143.00828142309135, 119.09577045495057, 76.937740473776714, 69.959229287452587, 89.574072047815264, 136.66151345900147, 73.538873370324197, 71.843862484144012, 84.937171005940101
161.71313196297351, 93.947278698753593, 81.053998539703699, 88.405136121437167, 172.56881471594218, 113.57731520036327, 83.197288491795177, 92.784072664262879, 393.06747933626463, 110.79807805474832, 170.53732059890115, 93.187151741422412, 244.04078826313244, 107.71929481103494, 168.77561667672552, 221.57632229142737
161.86045159666921, 78.539897868478079, 75.412762563195315, 86.776943431075651, 205.28369082195033, 157.54125153656707, 94.322095579555466, 136.4244365437678, 101.11573208194407, 84.415671623635987, 161.17220982824108, 115.40805728793036, 142.73370761356543, 73.026050649306725, 127.23009858438651, 198.07469383674351
299.40318250845451, 148.03954466354989, 131.99863734348381, 122.52596387626514, 315.24319578833479, 215.19117098528929, 134.41125165929174, 115.88002974045051, 320.80159721910331, 188.66603106130614, 175.1895028705502, 138.42103668426023, 339.32354367408107, 186.45586334331006, 148.71340681501181, 191.32228947794999
289.52016456010472, 152.64092173509604, 117.69229265209609, 110.45375027944935, 376.79263704257573, 258.92784343727044, 155.94666333305742, 115.27945403132611, 150.08292007574531, 96.645486903847697, 88.670940311465827, 102.45458193393429, 227.19669710427834, 83.892291526690286, 96.117238215028365, 134.62532876381815
432.82198101908853, 173.54107566277673, 133.89264623294815, 95.425850416363588, 519.64277484284355, 272.27850166936241, 236.40514442345253, 139.39445152488568, 302.35402132247856, 156.84803619726969, 107.17719977662524, 107.23165772397844, 290.25615320261585, 106.32996046616012, 103.78825190808129, 116.56886896822722
549.76165202781988, 215.60895538515641, 181.21913168184332, 124.50774011912225, 594.11535877933125, 268.13694819735048, 283.44920637647476, 206.59925807197351, 460.47262670602743, 208.51395088424283, 135.94078136717118, 120.45989984167491, 484.79669543877117, 161.4195225919627, 128.33883069850231, 136.91499069867166
507.14907877274703, 262.85136669841057, 200.74144171030062, 182.08017914198768, 549.78769414772898, 273.25223860990627, 280.27433359468938, 265.34326829615031, 562.81855669064453, 247.64478317789994, 147.01819068145392, 136.92020249192979, 472.36942677888663, 175.61017497949152, 147.89440549686447, 151.88118175305877
528.75602107811949, 281.96517637509578, 254.88039322821263, 212.76599699113592, 587.40653836274237, 279.06443004112242, 316.93366220344524, 254.74892647958626, 630.24549209777558, 272.76027924482474, 232.66338046073562, 188.06066179228816, 595.79505480111072, 258.05665152675266, 265.5068997053437, 199.04658790745748
536.35346517407299, 317.56544584913865, 307.4770013522454, 269.93726057708312, 606.16891409370646, 288.82402985240458, 317.96677803630649, 321.21050095673081, 677.42445567462903, 271.16387559734409, 217.01575646914711, 211.39435536261769, 467.35901977873164, 270.27284831070193, 224.72306301497815, 208.24953475305765
514.89548038940188, 319.4249277096186, 357.65056775664146, 311.99895197301134, 546.02395968581527, 289.83432032916591, 342.32382313845034, 319.29162655958095, 729.31451842543049, 301.20771418500607, 216.76796778206375, 205.48121269942601, 438.44294694423928, 263.43412862550878, 230.46880826008714, 210.20379281387159
163.33465138759823, 105.0355471084702, 84.526950898397445, 116.87640335746079, 111.76842233454353, 62.252359208205917, 101.26648826757392, 111.92342818058239, 135.50365969663744, 107.17055581234173, 65.192235168408573, 79.556289342217568, 177.17482089084862, 96.718827590960004, 71.610782916610205, 99.26755863768237
576.97443785011967, 297.90378475922648, 363.41536612604096, 321.86408940636215, 581.21511331998533, 283.21431094044618, 331.68401701601653, 340.52335604021783, 669.62481674213382, 287.82778654144215, 243.15309441678511, 202.57737039904671, 503.73595153105481, 241.8146157353172, 256.23694256159263, 202.39316759531928
555.35670218995915, 319.14236570036303, 335.81611960804725, 339.40836828965024, 629.72889209024333, 276.17736723396007, 326.5694236192117, 341.07057808488264, 650.23554698344128, 294.37420009408305, 281.66257379660863, 246.85770794387062, 536.97302030270851, 279.86116205905466, 284.08620670922642, 231.59667034379186
612.36186022744096, 309.7225442373711, 360.70210962971936, 375.61299718181385, 528.28735638931312, 247.15232112509008, 338.66382772075463, 355.77130949116093, 578.24601861769838, 307.76966996078187, 309.42849171175124, 300.40028332735415, 548.07358307259562, 272.45442998746194, 303.15965754797361, 285.88090175162
570.24424288648049, 343.49041952473902, 333.78367287955604, 334.54405454682797, 485.53278360028168, 253.17517017215633, 319.28613195006687, 341.63749398240378, 507.16306072391359, 324.67587298109453, 313.31675216418915, 325.60972653701549, 511.68688243196533, 296.93289092428165, 329.02239640261206, 324.25231210636031
579.55781724162659, 340.19577671671493, 347.57860847616394, 370.12159473783669, 526.90189491939964, 307.24317337531863, 339.13301545543419, 356.27485792565483, 608.23528519252727, 312.12588496113636, 319.04985356574321, 305.5484010497683, 433.67993593503854, 279.2386174537034, 302.39019073625053, 326.9784055507244
438.17500337198675, 331.59828616363575, 330.2544258484283, 314.47120383377973, 404.88010058830724, 274.5426704684985, 297.7045200227376, 324.946890249104, 509.14955386192952, 313.40257034303698, 310.06844776071893, 320.79431625437405, 398.96463964599957, 249.97803505354725, 299.46975392342102, 311.00047488846241
539.43738325495758, 313.02814379325281, 326.48445655827749, 341.66898444446861, 436.52895998193907, 269.9561283655583, 325.54113989799964, 343.90522567610606, 506.16308487663537, 289.47446831128491, 328.49170195874569, 315.21847312770274, 427.90401527527382, 240.06600934332582, 318.28699583588156, 338.43300482204103
534.31084161193928, 312.28717490500651, 308.82954289760875, 286.14796404549384, 415.95822053858069, 254.63413550852206, 308.24462737092398, 308.86289967195961, 450.62442935588462, 300.01424240053495, 306.82130814323807, 338.47744973167158, 403.25380745790721, 203.14967894458019, 326.92580658682027, 350.51893418934861
466.07277143430201, 334.08758082877836, 283.18997533033973, 321.88836103499477, 335.30448754466227, 253.11375908992636, 267.13359505857829, 314.85779247057241, 534.3347732830531, 264.66270300382661, 325.01937880575809, 286.79415732879733, 404.89208940662905, 232.68552125401527, 307.79365870792867, 304.91983647397365
400.10422540214876, 339.9460544501614, 310.33299547153632, 322.85020871120457, 373.06793215398017, 259.1044618217436, 280.93138293308198, 324.70734829804195, 463.87847756906848, 276.73136449285568, 294.04413646610601, 354.91205696645568, 431.42187506473618, 216.11666454267373, 295.04614561079609, 329.28095221515719
89.099341015715567, 98.158671245660656, 88.137236341120797, 102.33539024277556, 104.26976589485348, 60.726469909362734, 86.062762588137019, 110.33554527132213, 181.3857276392539, 117.89161815115874, 76.269007484401527, 96.654492975713296, 334.41584286038193, 86.369099663814467, 85.520381773979466, 105.74776616914724
456.21176484853589, 344.64764963156262, 277.82281890286322, 281.27630535149439, 372.89734266881055, 306.15938264795966, 274.18409202353502, 230.9399782182993, 547.95189432186805, 246.1688171229184, 376.68252676650206, 312.35052980754023, 390.55576551958069, 201.5992181654193, 278.64475791870552, 327.66967109822457
412.74347948179786, 318.97258767288639, 292.86985459958004, 258.31194770889329, 401.99908754892266, 265.23716267355121, 243.12487239278417, 285.16032376815213, 595.12929276468799, 230.08132070216001, 325.58366486377753, 318.18731313953901, 343.18700265395773, 172.21545626711205, 251.16010115038975, 305.87003465436806
301.32683717747267, 218.24454324464205, 181.0988014114368, 235.86736229254353, 264.54496319023121, 259.96718133239784, 243.37532218899264, 215.56848307775383, 376.71581660049884, 201.88599508135061, 201.40422403053935, 185.2076582224677, 346.46170857622121, 169.5581349989192, 257.4253829266122, 234.37419856460031
443.91067558954876, 306.87535029628879, 193.58079192784766, 270.19973486343804, 458.00493193063187, 307.10267076892603, 243.41580111730161, 249.58751278899823, 624.6262203469754, 211.14878927339657, 202.7115261008453, 206.36016460478544, 431.25827593790302, 154.77573904087552, 254.38022782582854, 264.79305784936832
358.82680398080004, 233.29347886554874, 178.14456242703375, 255.17447502665161, 441.10754299224703, 245.24463267884789, 182.91434542379244, 159.24450406377522, 577.25669450845919, 143.31925898460128, 122.10424896438273, 130.44241950829561, 408.28642431511031, 123.96902735984861, 252.04273621439762, 185.63370589747527
211.53648500800387, 180.64564907610614, 157.89084188337685, 161.28707326919016, 187.28236322265153, 174.48983626939361, 110.37432990617721, 134.2341376862704, 332.0651940291819, 163.64245886041445, 143.72818894251438, 156.73488645431618, 338.9918653084635, 138.41754895335674, 109.214204469547, 168.6894663826408
283.23222667864968, 300.25822901707102, 195.96907028553477, 191.27747911022382, 193.17657194491625, 104.80787928934809, 76.990174795704192, 146.39774661079741, 360.13316041495546, 178.97879346245369, 198.32954783689252, 212.86458729945784, 252.65066639382027, 97.024288277629822, 122.65150067655199, 178.09868364512587
431.68908620351692, 376.02527536644499, 337.02996409418535, 323.61311057577069, 379.20705345801053, 341.38974424836755, 263.53580955442538, 243.65243254115299, 596.15483349359215, 330.52867482157922, 208.74541930766549, 310.78253559069805, 607.10444909650494, 284.30428794357556, 189.8091306950725, 318.81205171538915
141.47821281584842, 164.09571504240071, 127.8280627573383, 180.29217996549562, 216.65919679918045, 157.22672640681006, 118.074435729496, 143.841102830469, 514.702467967865, 161.51780712860909, 116.31733676976256, 97.748666848693006, 440.0710217958698, 151.9506637537327, 136.95421996405153, 151.32623860172464
331.01702328945873, 327.01715263056434, 299.08799132436695, 300.65730836113033, 329.12402068743813, 243.98353888794816, 299.48510005040242, 289.37702422183213, 545.025276072309, 312.57802814335014, 207.34566707424023, 259.13828085783695, 534.18734053914545, 259.31507628271436, 160.27224400445181, 180.60039456205104
181.19092313474781, 96.033457548832715, 103.07319575102899, 113.33867709899499, 155.18099897354011, 100.23857941113262, 111.05067506071451, 113.71780786276713, 374.35691532830816, 152.23395113038023, 111.79726844291028, 105.81376214273101, 493.14068441418311, 158.60102607709342, 185.13651392264669, 118.49775200145088
100.81544032012329, 104.03273753619631, 95.282636683028798, 123.01933108537114, 202.55797738638549, 88.454401006471642, 53.523745498124434, 83.736508575103812, 232.34336472409385, 103.2382195978545, 76.514044357126352, 100.76657061419535, 195.70358881275166, 78.267181364088543, 73.435013147847044, 85.168866243193236
102.07900434126094, 71.237902251513816, 68.870927118614418, 64.672308433097925, 64.042844173511867, 51.39021694812714, 55.14655982495124, 64.963894744799219, 116.13351790397073, 56.111906182191866, 78.174624910212913, 36.082625431848768, 76.979573518056895, 40.235566280798658, 59.818445681846846, 52.114873177411049
76.975524152131158, 44.827221910705276, 54.416260900757507, 51.393575729311415, 69.059045014593337, 37.672575092647392, 47.356175944423654, 48.706356077641672, 103.50844120049848, 37.378712155306694, 66.364875330288442, 52.289569624918492, 74.448178968550067, 40.810761130881296, 60.149692658093805, 39.186343660146818
100.28372939137421, 52.089522236572037, 57.927971904141948, 87.998494894492367, 79.25711168737142, 49.497304107077717, 56.411408787071537, 95.31761574928268, 105.85914923445453, 77.532334138411571, 71.549151794640991, 59.015745670437674, 121.99540895398111, 64.52497410405374, 64.10254793334984, 61.97520291203584
89.06633650096073, 77.641170267351029, 79.015463501448181, 76.039573625461713, 94.826988852892697, 58.442321213779366, 56.72723565183118, 66.600800516337088, 114.0962731092074, 109.64969748383275, 78.398271253411494, 60.819272848561475, 125.11531615508018, 109.2949631693356, 79.554286627956557, 68.70357106699899
101.71949142303704, 59.394432112650094, 79.286433734228751, 77.209740866269911, 75.046159638150868, 49.65898815993669, 59.877076639109532, 65.200457722737397, 92.842324312667259, 52.695823251195165, 67.222078051436014, 70.386546992903419, 92.627011267850236, 85.755045419590587, 90.975893637046909, 100.72929304637293
100.1805515954623, 57.160130788332076, 63.242355134753495, 74.729166813375912, 81.356961915109721, 45.811344129480474, 55.683648318666073, 61.988380412165455, 129.10918542943958, 96.258795102915343, 82.090758679061679, 68.338500512423082, 75.599492237931699, 75.41467553833283, 67.459485404238364, 115.91821565450988
83.297463860043536, 54.667976754522606, 69.129047191269947, 87.760682240792931, 79.298542057855542, 63.439146435517834, 74.544583859043342, 85.338251386585654, 129.27451800192401, 71.768492497364875, 79.102392586945129, 68.595607946382401, 100.68081822775237, 49.135976062718534, 73.295396723657902, 63.048231879185614
68.728952337642255, 49.502608650098736, 59.551170694261572, 56.086348539935713, 63.604532057511641, 49.119892454923971, 60.421353707692937, 62.356554522126061, 55.652329111432906, 50.272481132801147, 51.262034865280512, 38.71918875418897, 56.045149207891996, 64.810682582960837, 56.953069614046818, 48.783654231915875
83.943270077843749, 62.379031141671248, 74.500065747733686, 64.275496800275846, 80.138233249835764, 55.701775742290465, 50.416383035649375, 64.587496341672491, 66.314443633887123, 45.290604478238755, 42.390085530666333, 54.959835424151485, 73.078249026572024, 58.996445519308999, 55.807869975704868, 59.75266846237659
220.8726078819904, 112.06739758739351, 126.06008453396814, 112.78051608561167, 178.22010606925519, 123.93067848202386, 120.94051383089119, 124.64485128597595, 500.58999113680642, 236.43216962994234, 90.337850533649927, 112.55932671223967, 586.31782750285663, 199.20018194128883, 165.51207119979594, 142.01465933530449
97.25091728265005, 52.115256492514568, 66.915229897930786, 87.010363351638077, 90.888188613942816, 55.281866138209693, 73.496800863403777, 87.828468763862247, 71.822897891041933, 57.81722257751516, 52.375852748764245, 67.65059690100243, 103.3000621033908, 68.511826316759098, 67.17170059237921, 83.09087590544172
90.547379419456078, 63.46113747006607, 76.186196122242507, 86.632181203185866, 97.101144253097132, 65.970738297925152, 71.032331155432459, 84.429442528519942, 102.46354994588468, 65.474866644832559, 48.082765659117214, 68.894098871652147, 109.28107929609126, 68.996463450001173, 66.060470667364186, 74.559721629812003
133.13028562675001, 63.50859453235654, 86.859770123129863, 121.73701341323699, 125.6370548336304, 77.503848639985051, 90.021062616228193, 138.51620869813675, 120.84525185371018, 66.853816224230627, 47.990152601747198, 76.889933688182666, 137.87854766520894, 89.753706885811795, 80.03192461594989, 86.814202056854924
125.93009947474009, 62.864976242576276, 116.81215480334721, 119.40042574263775, 133.97929580153541, 89.260076886887674, 107.59073387307133, 137.36542097353757, 137.46745365792017, 69.964817633578036, 56.73365265528782, 92.6009574361739, 224.86144791673436, 83.752170347707079, 84.919592712097469, 96.597371663788209
143.85125281536764, 85.244290831225541, 95.077038434062359, 101.66888621888853, 141.34095006389802, 83.102417621611252, 92.533855789995911, 124.44735070537486, 177.60991850722883, 110.51153964805958, 89.992647398957828, 98.598097796508199, 243.41072542133054, 116.68598686839908, 96.991450433758914, 112.69850420576606
190.56434875837209, 105.26214885267626, 97.956859186177681, 104.88355170979614, 152.93788116034568, 90.591015944306662, 111.70689512906054, 126.55634486562319, 418.22866084137712, 161.31970745852061, 91.181293212471104, 88.662990949956949, 379.07630150234445, 143.90122472008105, 121.19302072254023, 112.08479268451809
185.11584220687007, 91.456904575359829, 99.033197573928206, 103.73102301427299, 141.95992933682174, 99.655753523800257, 110.26418282132759, 117.3141230191172, 415.29513700781143, 205.44209809538702, 89.641301244430394, 98.495396431326952, 422.21913470299626, 185.38842823225278, 138.29744193642554, 129.35374645812266
184.13225837814306, 87.769946568892095, 94.38525838760485, 105.3632690300678, 169.37761611634332, 95.845364350739317, 88.920912022091855, 92.318070529472195, 602.35006097824589, 235.71218455147815, 97.702000194764608, 103.65719861720675, 351.39288508630204, 205.52492569138701, 155.33441431869346, 127.51873492992989
244.16805436756539, 116.30758454839992, 132.77458372055906, 131.79541872790458, 223.90251541114023, 129.26023685070288, 124.74706009829954, 130.08993535928212, 587.82783872432208, 296.58311668171285, 188.41591627089707, 146.663734448838, 307.18662475073677, 227.91887516203289, 191.83719185371478, 146.55785821225413
329.36720661745022, 158.99826459370675, 163.71044931271302, 168.17754778197167, 299.39438876793014, 152.89479715703743, 165.96131500469258, 167.45476257958614, 592.219428991683, 314.21364231477054, 294.02742106836837, 236.52773173931826, 343.60657569310013, 243.46584413168895, 228.48969899762085, 202.09435341405421
252.49904921524424, 116.91023135931162, 132.67218578538777, 139.97910757608349, 249.46752338664948, 136.9964773346604, 137.58286220435951, 139.36121494239629, 493.94345451469269, 287.0452806641876, 133.82107369754499, 136.44006352678812, 605.42848596370686, 276.34799416888563, 254.66647816099203, 174.05606852853134
421.09130489346876, 188.71881293365431, 196.75358338047795, 186.87515121567006, 350.75338072676101, 182.0445398346458, 184.35343097554065, 170.19588995342014, 539.21737818066538, 307.22260860938803, 336.36327147901784, 288.78460456456133, 400.49453856333588, 211.96060027127959, 273.74773931853565, 247.64795245154247
495.97155946916371, 207.16501524243975, 208.86598872863121, 202.87240422008136, 439.43840661793587, 195.33942347815835, 194.08814532239711, 179.52749939643979, 553.87200645777921, 336.3500913131806, 302.83623963766127, 301.73909338418548, 395.71918040830514, 220.26820739313038, 319.4198235599884, 336.48271267719934
521.44283513978894, 221.77264742375206, 182.03379511202928, 150.43676512441343, 355.5532081464911, 182.48565793857122, 195.00918972339204, 151.64865263295499, 582.15722537556985, 271.97282886477814, 283.19007355868644, 293.62135262388972, 405.80530024567486, 249.46530663943332, 303.62823459676088, 328.38264760660445
527.85301045107508, 228.54838575975651, 222.26476197296665, 191.02850898950373, 388.80007473657253, 210.76890262428304, 236.56617127345942, 201.82910110521516, 681.93647169225244, 291.108605518324, 305.10848842559756, 265.3189904518423, 403.30643567680227, 223.31605952028113, 303.95115935686709, 336.61454209826741
490.14870739076053, 295.26730297917351, 325.00679532066749, 258.16101463540639, 354.73671283256726, 210.88304598964152, 213.82411165680696, 238.57082906043013, 544.96571112114736, 288.59300160348619, 266.32751785894061, 292.22022476664529, 442.11915331407079, 221.67660094579281, 264.5387776140555, 303.33702129742647
441.56670202088173, 234.19901179438111, 335.57294202294787, 282.39422628104614, 347.75399615279645, 200.1853377221513, 273.32014926531741, 339.69117014956305, 510.9300541508465, 290.13928481055848, 318.17807313691679, 253.00103278602202, 377.67950599598959, 227.57837567586174, 289.18856721735318, 339.98864952258128
510.22408774518078, 240.16587701935975, 295.61649594650834, 289.10622305003909, 378.51291057904024, 211.94907633421164, 261.20098248404355, 300.05536598686939, 488.95262012584067, 260.11608269903246, 328.83404655240616, 333.81232586011816, 447.89935932459343, 234.36934707106778, 281.6342117863598, 283.74874967958078
479.63451644701831, 277.05178465891385, 350.84924628612606, 270.67188123048214, 400.90821738339901, 213.84359434215455, 244.04287454534258, 290.99576248558242, 504.82478821758139, 264.13667090830324, 286.59660514493146, 271.60075248271249, 379.87851216092162, 215.43933057122953, 278.06722268667784, 265.03999925163424
457.20817228366263, 224.25421664481598, 329.86692586202673, 236.2197493335409, 321.8022752631905, 194.92693572476645, 252.62476194666166, 329.4506744377905, 399.57382611043437, 205.87328578726942, 298.39717095914773, 239.24900527773784, 356.26226420905925, 186.2796356603678, 218.43432507892535, 229.95165467826826
427.0347314381869, 224.04522277899127, 322.17154717402241, 290.65449415350935, 339.90559384506651, 200.16211673042875, 225.69430878404654, 269.54226820685574, 417.14065273331158, 213.47146134046554, 272.1164189016078, 246.60659303388994, 375.31678955868585, 187.31445848731161, 248.94805197375132, 222.19905181537774
380.45355196450919, 175.59912348064665, 185.96558108810177, 182.91979428162756, 388.26798554466711, 215.49065549526506, 170.42609001151629, 180.38749484642966, 568.0442229209018, 294.41860344617805, 212.89955563214622, 188.43153632593774, 631.11757894648997, 244.5593287232428, 323.46803473801532, 219.55340803415319
343.53736569372251, 264.73178693343402, 341.52100491271796, 229.92816384670866, 363.36310305161572, 182.48415728607497, 219.64748715745088, 272.65145895772679, 404.31821878511886, 231.20956169910949, 201.5554278363858, 246.49866640948537, 276.89096000779182, 188.09447712118489, 224.54342157786411, 251.09301033273957
386.05422409194614, 290.75645713554138, 328.03407802992797, 276.92192839255847, 341.18374236274497, 187.03312167293697, 223.74390930937611, 295.47992791312998, 431.13447208016117, 256.12633998178285, 238.24569411871894, 270.20007751378961, 250.65582911520542, 190.06096667031005, 213.81877400366244, 259.78545807760463
332.34472895766964, 239.02109205681731, 334.19627433259456, 263.58641309168888, 313.20249812670772, 215.03942159493053, 245.51256723352168, 287.4880928023826, 384.81099945316868, 305.84467731656656, 354.12516787930508, 288.12651378376523, 400.51145078994512, 271.54866305324083, 272.56382950002632, 285.39913831260287
291.08649563563898, 218.15117382921281, 274.87724612362217, 231.97348008350704, 290.52146828768338, 166.09089841126374, 220.1331649301988, 240.39073989712205, 341.25184049105417, 210.96987904570383, 250.36388140527367, 224.29819644221828, 396.07167040140826, 214.07572908515164, 203.31192938698473, 219.68655260393331
333.95747129143854, 201.31905265177076, 194.7511197105282, 300.71688564162645, 260.05768666716079, 139.82037608452691, 237.77884401888926, 246.14971771642442, 360.57766904546781, 226.20171403875926, 236.88121283557842, 155.39123537243205, 304.00327059890469, 188.24728566686292, 173.19821660242755, 290.08931259595818
374.39696278579862, 212.68444220962505, 210.22647466248813, 246.98975087664613, 372.90124364357325, 157.51940191131575, 236.32588982868717, 258.20717000230024, 531.78524408707437, 289.21387724653886, 259.81366779974047, 159.34322070491265, 397.73218451989925, 150.4368016928147, 158.10070254522785, 264.16216845025707
380.10013811613044, 169.45868947189339, 165.01920052014253, 213.20490224671289, 283.73392435668518, 150.10536858084629, 222.45665509735079, 204.70141700907755, 490.51073722956136, 265.44773106529323, 219.09695545927164, 177.3217389526437, 286.68643922435319, 118.36078977360863, 141.38345481428544, 216.92096799280893
275.52678982084916, 161.9843141511781, 240.86950949643804, 254.34375712268661, 226.51682423573652, 146.41376838092663, 220.28938601136673, 218.48950133717446, 452.72809784020757, 178.20374575744307, 168.31271893829143, 157.75881164425874, 264.59585671961474, 139.89676651061171, 143.94222260749657, 197.62478026416605
221.09860091301908, 172.27729423098376, 178.1183380588563, 240.32761346469948, 253.27405802256453, 159.17248844319585, 194.72711730955916, 213.13815973890905, 292.82742959809599, 217.05839384167834, 211.6563320414111, 136.79558196007562, 249.98998631542449, 114.4694564244856, 157.90141216488146, 190.3218392541911
456.00656186129657, 214.04567758721754, 207.25359362699712, 212.0185316624551, 446.8606661486092, 258.95841047842663, 240.27624383788114, 199.03448959097238, 550.74750329307483, 334.31150434763856, 312.10173215237307, 231.02706067818443, 576.78394432548146, 257.97251324683975, 307.92348296592445, 253.28843151113554
523.65190942826769, 177.84075420542223, 220.00493177664586, 209.49066754956971, 464.69995590638126, 215.52939723681965, 204.53264398378059, 240.01084852404645, 615.27123178556485, 328.36644942627709, 317.98430304674974, 292.83108740518009, 463.03729427846599, 248.06186203427393, 310.56233947535981, 300.22583937637114
104.14326886566374, 56.180051143179874, 76.421992306370953, 82.800359327067213, 112.1347986796121, 77.722260412742003, 99.664446536641734, 82.156010749347132, 163.52675885763568, 100.93010667384895, 54.680591265018293, 94.611452419147668, 116.91370275352904, 68.131984367081657, 98.627558535208635, 73.000795358830644
484.07255880778303, 262.41201057534306, 262.02055183803714, 239.64071143439173, 458.27687810055357, 229.3732480341146, 270.76483091621975, 249.03586882985689, 530.8482498506994, 318.9956640798577, 327.5954346474453, 295.80463501181686, 477.66636129843067, 258.04775755278496, 327.98310212669685, 354.25077449214035
523.16939047958351, 275.12600507164359, 275.159079423393, 267.98861097276023, 450.83720730658553, 227.09578655404991, 266.25820642116958, 270.46726419995605, 594.48418415787989, 335.00684609914526, 333.30511173360583, 285.39496151530926, 482.43622981019081, 263.92366499842905, 336.40523601353823, 346.07152419901837
470.10655394437839, 288.01648026998157, 340.40504309565836, 321.7822432716909, 515.87387406737139, 242.81712126012428, 279.97366242444747, 315.10265051872017, 589.56358173904425, 328.98176297948862, 339.10270665826954, 297.5681576125948, 433.53301838782426, 249.14986996810214, 301.35031288180534, 285.30485857519301
486.95449025289736, 305.65204032123779, 348.37454215744532, 346.47594663626586, 433.24203214023214, 251.52997002082932, 345.54135334418226, 315.64114890920445, 572.70873158083123, 280.93152833854191, 331.18465786056191, 289.77078682235469, 448.36601055519907, 230.81188341414025, 334.05382106476679, 297.02239216476181
504.43155752548591, 320.5570376755482, 355.19198429889866, 332.39218359405874, 507.93568226676615, 245.45107550852626, 304.67932725956803, 322.03766489558916, 537.26773967528652, 307.33047833870609, 308.97025685800401, 298.00019896399306, 466.54442483903847, 233.53309136047622, 345.28133679674352, 345.94760659099222
522.78907410536988, 301.54389821781928, 348.8388598121179, 318.45743246517998, 507.32813716752452, 260.5898051757365, 305.50559055818445, 347.15183161529131, 598.37529333001703, 295.75026663809052, 341.46873826965731, 306.39884121811588, 514.63088909604426, 249.31832959003944, 293.00952332701371, 314.24083768900954
416.54742006712877, 312.93891469390678, 375.33850909724214, 354.58571559086539, 469.65241339291907, 233.74999624580539, 282.90109543460784, 309.08342212756304, 446.51153305609932, 286.37530103998557, 285.99420600653752, 328.21341208934069, 497.24158794086003, 269.95674008397128, 275.29114894136313, 316.91301110147089
514.52708432337397, 298.28233777781827, 338.51623039654964, 304.51688473389612, 452.68705196995063, 211.01355145011715, 246.02407145287535, 331.58196378820702, 490.84523655851302, 284.83819844449584, 273.55493800805141, 270.9931319298953, 435.71302384687272, 194.55189035374437, 266.38130759985194, 284.65643689877788
477.78426517549173, 281.46703902561353, 335.01687680078061, 319.11062528045738, 443.64574572215054, 237.00007858355178, 250.40999146086813, 322.65021529597846, 474.31181314517488, 275.12555674714639, 271.94992149147481, 278.96909907987856, 471.02686437478025, 207.04338679377724, 261.74633720728627, 258.10361397675877
374.28314110289256, 259.68243612979552, 271.76075687484314, 281.61362314548268, 454.41756186834294, 223.47093543380004, 254.91158738999147, 261.17267042101321, 462.87251329360265, 221.93315342684843, 219.414247137507, 287.26677350095616, 482.45923401119643, 162.85163593556055, 202.2178261303448, 263.29899501855488
130.98781836918013, 65.301937608193128, 80.461732209022358, 76.174905248987855, 104.46614410411037, 83.101179573123886, 71.867802074225239, 60.249942836637693, 163.89627475283294, 87.572016545180233, 84.62709614488351, 115.73087576045764, 152.0756785947024, 89.818056303509536, 87.450951211167038, 69.111546883700129
469.28769908612634, 274.20161092316164, 338.47951887980582, 339.8390400210489, 407.57511645238651, 239.03761571708165, 302.32197521285303, 319.15544388319631, 483.46555871113588, 266.23629577884111, 272.37972904800768, 285.77812491473389, 386.63420917739279, 210.73609163308936, 294.93985460433953, 277.75284426038098
419.6380284253072, 307.41749191869116, 361.35002930683015, 317.21266619923296, 507.6000269188014, 288.15010463902621, 325.7969965014276, 222.12423519676324, 468.66806795287602, 292.74203433528072, 304.14255473981382, 334.0676792107601, 298.77088712596515, 243.21367315035215, 298.64601965335527, 355.50574561313556
110.36597487338007, 48.813476111912983, 53.150666897166914, 59.668553789960242, 81.027081027506881, 59.883518722096653, 59.965538502652251, 95.861282046250963, 150.28536255118235, 43.423451918347986, 51.25672359406601, 48.560005311127171, 100.63749464917456, 43.936969401598667, 55.209123809139747, 43.526502875659602
183.82020020038476, 156.57334927970513, 153.73738691966324, 144.77774592079732, 136.28974290733703, 89.997714271283684, 127.11863973010593, 183.05425979913738, 463.75412886355554, 140.63552625565936, 83.802108955623822, 110.69336236698817, 426.00957153665303, 195.23853976551388, 115.74791311175959, 135.52891959955141
73.021535809048402, 55.12108947670017, 51.583179990712985, 51.757951517267422, 79.202115797062334, 46.867266658692131, 64.531931416143905, 64.243098667059868, 120.74842777922888, 40.177683833312159, 59.324769141318939, 66.604542752248165, 135.21798535228814, 51.657556715421805, 74.477380591837147, 65.286828214604753
129.72215627578564, 87.369015076475407, 72.898814453713285, 91.679361821426767, 113.5240409776975, 85.30911225823192, 109.61171262806023, 86.67017787856355, 181.02270034463621, 148.18152928601404, 63.674756734888305, 98.320426832264928, 252.02640239076734, 139.60825911033425, 97.61099034755712, 71.42741721060554
107.72048523370464, 78.669748165290159, 77.852216323145086, 66.307700467656701, 82.345104160385517, 88.919509787876706, 99.224860568095778, 90.318923216639249, 200.79116600334649, 128.64009391761209, 92.241420465661847, 82.637526778636271, 210.04108348715147, 118.90711370719394, 116.40728685238327, 96.048272118525404
124.17067096662615, 60.583776146358673, 57.755851084998092, 82.196113749794932, 85.648268349073632, 61.644915402763608, 78.949829436522947, 82.277164199342948, 210.88328710636816, 67.576533237810949, 83.222250698797495, 85.991306078142614, 146.53700036329263, 58.351057085399795, 117.82140882364965, 122.60051125347121
330.07034896550402, 140.5484683160447, 127.16670810050188, 81.024210363826839, 96.185658797209783, 70.651470059761891, 103.21748235916084, 68.372145280981783, 247.45488612092956, 102.63588637689044, 88.696898024948666, 169.40988628199003, 98.189374741966787, 94.041357955175684, 163.39833241598649, 135.36709740338361
88.481264063404382, 51.137044079939223, 54.433676082988633, 68.977190962185787, 66.774479226979452, 46.705915199120568, 77.720854222913616, 93.254211370185772, 70.869971392589719, 58.500688739367334, 48.992630404201897, 57.494088519910491, 61.803946051134439, 51.890192425319029, 42.703619671254721, 55.61610262139304
107.25277065642439, 62.746018207842326, 97.698435024081675, 101.40186823622105, 121.19255226697767, 106.48613868663071, 81.57027709624434, 70.557212865678792, 161.52647147314414, 91.217425740294829, 87.049333235555125, 87.114649390472394, 167.98796809785091, 94.068647560840631, 124.21103512184796, 86.442283692754714
78.910105343958051, 68.744486187794308, 82.109901563516189, 89.015898793334713, 80.204116600785866, 70.012911508874524, 90.138966706570685, 101.32822175827931, 85.704304091059626, 74.963423665443699, 55.806450700238742, 67.896742678951, 93.753192285774901, 62.773805032561626, 60.487745427262247, 75.135966191674157
89.335695381433865, 61.330749829521942, 61.933133338373715, 84.545716829971951, 77.831733449762822, 54.951670185017655, 107.78984065690345, 118.36297419903327, 111.9591489022923, 88.421073643946286, 49.958839737833159, 70.926995829171759, 94.71849932773226, 68.558605633551039, 61.308459400406861, 73.886929272900417
108.94397968988187, 87.774865174649776, 88.919726691242374, 108.44520113585152, 95.598234212584927, 69.590355712110281, 97.437053459070441, 123.01068332820459, 137.58332186523006, 86.025803841760137, 62.727767117100505, 74.919050049761211, 117.11675646917918, 69.106155405575507, 63.514548171645401, 74.07323585008119
145.3901167622476, 65.527433873897763, 75.452205001018555, 96.512273464396074, 102.64810933062819, 72.313903735190721, 108.13453559947192, 123.66108497705625, 148.79314383024453, 80.379185243906988, 62.106558386680611, 77.445809584458686, 145.79830869422051, 70.614525706212049, 64.463076109869434, 89.558163996939442
151.90735041130881, 90.808013000484181, 68.799626180357563, 86.992546788606802, 139.74972417099602, 61.209846392671203, 103.93963666670312, 112.10610102421674, 165.01495123091436, 101.79617331810131, 63.128512915595735, 81.279099440133137, 165.09647216238668, 77.178060084992481, 69.742236805450375, 87.220324733513038
83.932151174483963, 62.321749398239575, 87.685243342038831, 105.26244198260146, 119.80455593727586, 67.407463846662509, 80.764604159593588, 114.2539724012866, 176.77887661831505, 113.20346662873442, 78.530492718652823, 97.967177356361788, 330.2121874496894, 99.140948921942567, 86.245786115238275, 113.85079409190787
168.10244414666616, 96.247140232023852, 82.611190963224445, 91.993728205816836, 145.58174023977159, 96.20450221394988, 117.50638479846891, 101.67085479361103, 293.75743579543411, 147.05043936869851, 92.367623537474572, 86.789088251521022, 545.16928842719096, 135.72274873320353, 126.16669604468154, 118.57177424891913
233.01928881508053, 111.32913170268142, 113.10801729848546, 100.52552233823776, 189.94123241967034, 113.51854376170554, 127.55697724275619, 118.63184211220157, 480.28493360698025, 178.0279658561235, 146.8599666529681, 118.98306670050225, 573.08791445514703, 170.50793334989737, 200.25927998046086, 131.35206429279225
245.30855189604804, 112.29958532319633, 129.79518164325793, 118.77574123129594, 232.82902180810325, 120.17535915706038, 131.19185539979787, 117.21773689793528, 617.60169318944497, 265.11478155646608, 100.74121829640298, 133.11679639551468, 632.88923643525084, 230.29027741735982, 168.22573165071705, 153.29965014453208
319.28663579287775, 144.70753861801614, 155.59838498027571, 156.00297823545907, 300.73534841898027, 192.36314811692466, 147.21603314972066, 142.55084801867508, 621.50156440852163, 294.95900026809647, 207.96485819721514, 125.40456573448375, 556.94827685998814, 265.75881624116846, 263.3752243988651, 155.81309737275345
131.35717271867045, 55.842909782930803, 53.630518954647364, 68.795740291949656, 80.090533830396126, 55.308004746480044, 79.801255425648719, 62.982192063456907, 170.03939505008267, 116.50673631734568, 82.164641673458476, 66.796062661545832, 152.23016777054298, 68.690384227462133, 81.008943842466891, 158.76270703940904
352.5561535607124, 158.01802080027463, 164.31886030584582, 177.42356423548117, 373.83101343456059, 194.69678926588207, 161.77014201246925, 157.36056571806841, 572.94097678185312, 333.8647930055991, 264.26559284331802, 213.25574169592019, 521.7624902768606, 286.62909724274289, 321.47487004146586, 230.6961898871007
426.06528591139306, 155.94356553660054, 207.95602656354978, 200.7770453358934, 454.00656236851148, 178.66163917865205, 255.4572164661009, 212.63145401910907, 609.67119114763864, 307.60107724061515, 306.099015049576, 279.02379723011865, 478.41979130886091, 234.83162089694071, 350.11628986375746, 277.58175581011062
499.56201825368157, 187.01743188239141, 220.81627827905089, 208.91336078700121, 425.97873728035506, 197.46635532990521, 271.50918589777456, 253.32850807312653, 600.61742109941008, 304.49800738258858, 302.41244437276004, 321.54122341897033, 453.46543618583286, 225.96926583780049, 293.73700367004091, 307.3709218921411
486.46716157590373, 256.02686450039539, 248.90631453863131, 227.61779886541638, 503.88905495969271, 264.5294424814814, 289.09729925159166, 274.49611055810777, 497.5987194849771, 288.04946036326334, 315.59979921966976, 331.14765880181574, 433.30794831267383, 241.5295599877941, 292.15278946038609, 304.15643307394015
460.69414115466219, 291.73228115417845, 311.18072127997385, 320.69255143397123, 488.52722035725952, 231.25070185400961, 275.39685156920797, 338.70123374091486, 527.78465830987102, 344.97631939725107, 340.47925312695423, 312.02423446263458, 514.32345058629642, 287.10800447132226, 282.16840156862867, 327.81252461031585
447.21475894313187, 316.99344724848555, 358.74685978241723, 307.5557996272866, 431.03730712957048, 264.18354635156714, 292.63112470162588, 343.07978472984018, 557.19042436038342, 259.41119314274937, 309.64456111606233, 290.28355812994653, 434.77772453502149, 218.61045022762175, 337.79709986942328, 319.74461801541923
492.85775368808396, 324.27201038675162, 354.42815739805911, 309.38458313440248, 406.83513168345343, 227.01769389408736, 307.40379086629258, 314.00941030025808, 522.87907611351784, 311.07122007124502, 319.21578546869199, 278.11194588693104, 419.84921470541434, 228.53714011228931, 290.70001662999971, 274.46282852771151
541.5146689315651, 271.30178613262723, 338.54535556706088, 288.07766210382101, 496.86093569815426, 235.53850036354061, 294.70866949812745, 330.4109360891772, 551.81414604834549, 285.63465369600323, 319.41800611212375, 314.70073769867622, 474.43508363127353, 237.39146480812281, 282.8003154395613, 335.31323896862961
514.87668500317875, 279.52085761253284, 347.47162958109499, 313.96172963048463, 440.74086966956014, 213.96877216227077, 290.55523084626242, 322.59442437360377, 576.27020177245527, 304.33477891411457, 329.8447293245402, 243.60882162241671, 479.85023195458956, 244.40648362211076, 306.91998952873456, 345.973663225179
491.87190111847787, 297.52373700458975, 319.99055354063745, 336.45511607190281, 456.02226584486135, 248.10291100517875, 274.71000693335941, 325.77591542188719, 467.60076909451243, 251.45980004245004, 297.70975570447285, 245.71605556795302, 457.77587491104237, 219.36206996392565, 294.2501958501266, 271.76092366990673
78.179915902250414, 45.34994091081051, 70.658279818219455, 64.204215694425955, 98.844887599014896, 77.93190276928371, 84.433984147679041, 79.380862083368811, 119.72139233425622, 74.270614385553102, 54.256206478129748, 53.039910810751188, 76.538370491587017, 50.280552261017704, 48.230576259507679, 79.667092436288257
415.61028515317435, 323.61644543597248, 352.85918767926324, 297.92883754268109, 350.840834377362, 218.95766476035712, 272.30759306359147, 285.34453214267984, 464.81678359526666, 261.703015937391, 286.84470267870341, 253.87980264841963, 469.02786216405741, 244.02387485924427, 313.89691026598661, 303.29403726957133
401.45061587666612, 268.21544675206036, 349.59296522926263, 335.44569999950124, 429.03703175219835, 202.94198704984501, 244.25290355056273, 327.87781848118448, 502.29157201219311, 249.68756050928926, 279.62175498084844, 238.36898165336945, 388.60827758644484, 201.26915652483669, 240.0449224683515, 237.63697656179608
429.91342240451576, 258.35838792216293, 319.8651348748952, 359.03685623068503, 390.85402090171124, 221.42210937057871, 238.30552549372948, 299.61259564121042, 530.50150097969095, 259.55408417403163, 248.38694037276335, 222.3122783998374, 338.71286202068683, 199.37534276360986, 240.6471938769109, 220.62756394396999
470.05292566422372, 272.26787126448085, 329.15070055503804, 315.42205360367382, 369.33202894567881, 230.24327381699572, 231.90336595127937, 298.66404828524031, 494.05105333253954, 259.3339001908509, 306.50102730162331, 250.27115425927585, 376.06770544525432, 236.97482363397415, 231.38487173343557, 236.68948610326652
111.69485419875431, 54.790746971614766, 42.476671552324326, 84.441153882411641, 134.49112037352214, 75.976781879434014, 68.633202874188299, 55.422327109264209, 249.41105213201766, 50.713613883699182, 52.644136150888585, 63.913994250570099, 115.19092422167732, 51.035544079238178, 73.797066863313816, 86.88131480032996
261.33447200194433, 366.86150003445107, 356.79656505705481, 302.72975216252433, 232.01482736006992, 186.86777815505377, 316.894278587141, 336.88597966457434, 605.82667445143841, 341.75395256565957, 269.82554953290787, 291.28808193783101, 540.74073484790415, 288.59891936778041, 282.16340941546798, 315.02106459064805
434.26455245105501, 348.72454713144498, 358.81174683922018, 324.98894771406975, 434.1294713498088, 283.73042428464623, 358.54548282109459, 290.36638352302219, 706.6804661051998, 267.37001842117502, 246.82075825149431, 298.17570468422747, 429.26235021150842, 226.51428136232082, 224.51802557462119, 334.94121493798946
195.47743232670081, 94.402496406183872, 127.53563392643555, 143.13808243413328, 108.10377527545729, 72.747347856726748, 94.145651446822995, 136.72787047734772, 276.99939598132801, 107.60880947353571, 110.84393986934504, 115.38857304742103, 325.993779958272, 127.75659419393089, 154.26963927398694, 164.40733282823356
117.50033442584147, 56.389402394352743, 57.240664078129775, 63.100246338956801, 109.27515309230982, 63.655709825456633, 76.48341648928843, 71.458211070862987, 168.52560280578771, 64.982145960365472, 56.504292753589823, 69.049703219684986, 160.03714131881293, 56.954148552694043, 83.342149738221167, 54.11915380559865
105.8246681864932, 60.193556346197006, 61.015925355199613, 67.94081604924591, 114.61995413168133, 96.913154988771012, 75.300281027111367, 75.567286028116271, 215.92314475286943, 118.0198211729507, 57.465465773483494, 68.526925476385728, 201.54711342447061, 110.92700352261804, 101.68751077655448, 80.087743796228509
74.21301180845667, 55.079284773263957, 51.153471343411645, 65.287992600586151, 77.59566261330518, 55.825320446305881, 86.139279895241273, 61.737351482492102, 92.863462782035754, 91.996283566626602, 37.427040614538171, 58.491362991550616, 83.089275046197173, 69.072766914949739, 55.238291305332773, 48.2880664200704
188.20251048030684, 104.17531051972379, 195.0313939088382, 88.812150597131009, 274.39963340863176, 104.24708222497139, 96.321106994764392, 100.04163314993536, 345.87154483410484, 131.48008780890927, 89.275464390962981, 127.89569302348748, 273.67140164716045, 82.996680179099087, 250.86984352033454, 131.55800400039229
77.798242108859654, 55.427245188381129, 88.365215815485541, 82.10182217299608, 64.362783645659391, 62.379684503029672, 70.031118884215076, 62.822746397274273, 124.44943330078335, 49.507637005591171, 88.008443140485525, 55.27472369646555, 63.515187939409635, 43.863459864037679, 81.196000501025395, 142.95374623288865
106.1914084780845, 43.298648583976863, 46.036210529960456, 51.240572522155183, 72.444941068670289, 54.908894587233846, 73.047821991599761, 54.123971407995704, 77.614543289329305, 40.801473527295101, 37.283269381061402, 40.686052399558946, 60.971262938181034, 42.496659040114046, 48.132909659660569, 51.635110723219036
92.865807350922296, 47.932965350764562, 73.298263277781388, 114.40932093607691, 77.870246758356544, 61.807164313839415, 68.633450062959454, 121.1457791436851, 77.491886902015779, 79.002583282114244, 41.318232800794988, 52.750348107907904, 83.950935418289163, 66.060383151202743, 56.139373618881599, 47.242028222156435
138.58593325252616, 69.454088553758311, 87.692767037574228, 103.59746007112226, 101.45003236707726, 73.868414653025084, 82.855553354851494, 105.4821438635779, 104.87507249173734, 109.45752445838616, 58.064243892582915, 70.671098894343615, 110.69671175164032, 77.403350333904712, 67.669002180604494, 80.860861425107942
167.93816615083597, 63.574340669130663, 70.847414392552338, 121.82818244812071, 87.778344967552101, 67.964971484321978, 83.434132930461729, 134.93259948003549, 84.166055223554523, 85.790958626360961, 55.676653639394857, 74.164916505018979, 100.81869029107972, 66.704573518333788, 57.602452807545632, 83.375460150740849
129.05359548804239, 60.173276206908803, 74.809997545309372, 89.129978589314049, 140.3181381734361, 81.036206655038356, 152.45544962225586, 168.24794329571932, 113.75305940288783, 84.133157524675028, 67.414261810487901, 78.946888535778172, 115.26165925903986, 76.367480094864902, 74.076200041197922, 95.164375051770563
111.84821870926804, 88.966784592674628, 77.218688994681202, 92.648913250909189, 131.03018594049377, 62.245546297126339, 98.011051105289923, 115.7451111343933, 243.97235662913866, 66.796450597095046, 67.852468206624337, 101.23119844021119, 179.69190313418949, 69.548586987766384, 72.68237804159476, 108.94237990346831
103.08823557802947, 49.45979900965218, 83.750821633526442, 90.021505012565967, 122.87483909695965, 67.618631555973977, 80.996612882190618, 88.58633217657929, 184.53080636925245, 80.995629005495601, 65.697497789827409, 87.878538556542338, 253.6923828127523, 69.947984300752992, 75.712063543673736, 106.82881882418657
141.75316942314376, 71.842445551187424, 84.499143565930652, 87.389594022996476, 108.91699493058682, 71.480215187191163, 90.612168872379073, 86.144941844282741, 369.2180682350446, 142.63644474314023, 76.623189568866493, 83.433367276087068, 446.32479541571985, 109.00291676224239, 104.10439977624421, 114.30212342639282
89.771677663041444, 53.510187582817039, 56.518158599537323, 93.169240639900764, 72.831031273136944, 50.417192606443649, 70.808385753600049, 97.95974986572854, 82.637239803759613, 86.19793721582981, 47.572541711859671, 52.607072670536176, 68.150853442199363, 63.317907390982867, 53.146172951881411, 63.077556825307312
232.83323653311191, 106.70224398520351, 105.00267804740336, 93.240380073427403, 193.73900618342935, 111.64310983259448, 127.96906816741406, 112.59508401871373, 434.46847140733297, 210.52662031331903, 131.16159963878269, 100.62326235030953, 557.76011211363482, 192.00358238307172, 171.46046092598257, 129.33391477000319
196.25993783197191, 115.05986923199497, 116.39749430629145, 105.98948761584515, 189.11702727555237, 107.67693955669401, 118.50651667386855, 110.51010157097214, 563.14486394771086, 220.23129526048857, 97.561170855504528, 91.587914952654685, 553.08309465843865, 239.01012854155749, 170.7000590260478, 144.39616487551771
277.29384417053114, 177.6459870378234, 199.20825852998263, 162.7370174859864, 277.54926538622578, 148.87170723536744, 180.53527895021347, 153.46404281707541, 533.37480754311912, 283.98496351518963, 185.07337653920294, 127.71763014751143, 620.29503691732964, 237.20656857677059, 252.81122404802798, 214.44168850344542
421.99742749652688, 176.18512842966334, 174.77507392499561, 184.41272492711946, 334.04157619476052, 163.38288546046505, 179.65543392933685, 161.8900380790806, 598.61138403187579, 304.37530647284143, 223.46431691371757, 171.34670941290301, 624.93213471345632, 261.35327945922882, 263.58189388612499, 236.1198040101217
434.40356991964052, 226.73973047929266, 220.25363437370382, 230.3638490209637, 368.99669416739658, 178.21470852039906, 243.91595520502437, 230.47531736096786, 618.82408966812682, 318.21631594197214, 258.01467673480647, 253.87702590395662, 524.83470953964706, 269.86489865214014, 291.66448154940213, 262.33840199139172
482.28644349327942, 278.15300072078503, 246.19064945366497, 238.96046820540425, 430.4951039750037, 206.13353434349492, 316.61909888098057, 314.37553675865286, 606.37118235701473, 319.28113262044252, 306.6592431641244, 310.70074477942347, 568.07393405995742, 259.84887870294676, 297.28101688913807, 289.51117803388109
483.49985521037456, 311.30635946714227, 327.07356641876987, 304.11090017556114, 440.85883270774985, 227.20134008590054, 296.02101472760648, 329.01163523137518, 570.99249940254776, 322.00157710787136, 328.18287491742956, 331.5822425954604, 440.9138787527101, 230.41030416653476, 311.44571647091715, 340.27260244074222
506.81759520652457, 324.61341411247889, 341.44553295070659, 346.82719811098326, 502.44968594478013, 219.05929506386551, 265.94625761333475, 343.46819734470546, 640.15773324071267, 299.96838082117949, 282.52908353872721, 321.78764782957563, 450.71047928925668, 237.20894726422404, 300.71080489515327, 352.6320620429787
535.46381940389631, 328.4792055566823, 333.61545280370132, 332.25910878132549, 426.49532177434571, 220.87831959095814, 296.6677249903596, 337.96384637543781, 523.37525927285128, 351.94754358598806, 296.82110623245376, 283.68210414310653, 466.15615817658392, 287.61480305170517, 298.6713935147273, 319.08999954199601
512.14316256879215, 304.53732156671646, 345.32790136785479, 300.76768036946447, 527.18879920332097, 262.0697056928023, 314.41448091672561, 299.63760068971158, 597.89719713570685, 273.97348034978222, 311.43774908393209, 311.04486785540945, 479.79021309035852, 258.63807366796271, 308.98930878961454, 331.90597111139414
106.37033739286879, 60.320581230056973, 72.318447810425482, 109.3791081871907, 117.36250284216285, 60.707876081498021, 105.38195515111885, 100.09553191137248, 115.0352755117281, 102.14679021635922, 54.501858728934302, 72.425739547610192, 74.286806372221349, 56.444445337802563, 58.130345393948609, 89.922613576280796
487.27441475970477, 301.32155173288442, 339.93161134774505, 337.72510600812808, 431.94411131000243, 208.18365449612475, 272.43733287445787, 365.64145091435893, 602.13297130950571, 314.06500902106393, 306.88784599337163, 297.42538101651951, 522.28478161208318, 244.78221955064666, 300.74024297510709, 338.80895207415949
444.99830514562876, 261.94446578275966, 301.7551311567849, 302.56778137181141, 423.35028651860779, 208.8724950385982, 296.11476121425181, 348.80888393283522, 512.91754093222221, 276.99722617984924, 314.55777465342004, 306.90701335059424, 474.36223724761152, 234.89102928924424, 273.20890330162644, 305.10644401888982
505.5726858812879, 304.18965307177069, 334.20568965523813, 334.0411397662383, 479.63219127762216, 225.92206283468079, 261.56622890962348, 295.32381587568705, 560.68713212895966, 267.60472451961027, 304.96126491753648, 260.74899467478446, 484.39305395963066, 209.12073812562627, 297.81967148651813, 305.02780602421308
534.23846893811242, 295.90397558572795, 318.76259924643148, 276.20074363218731, 354.7632976140265, 218.06241689249123, 251.44830876592039, 299.75900571530025, 499.82257986906035, 264.526590416104, 304.86086700429735, 268.01752220861732, 397.16938862535056, 219.79801825448644, 258.47693372626594, 300.8485388526866
467.5106770115072, 290.61152330155352, 341.6201611355969, 341.03234734162248, 428.21954740301663, 208.63173660931218, 251.70869575497119, 323.97549609323983, 568.25856856746725, 236.96764327173787, 241.68832266853374, 259.58029593589396, 483.75213448617052, 203.29385873297596, 251.12698612647094, 287.16396439322483
362.70013714916553, 247.46158611572204, 271.09232405394062, 258.18604883565325, 368.78333689249024, 181.5677987502107, 213.26278034895719, 227.16858059038989, 467.2588595934514, 177.76984110311216, 183.68392902687532, 180.55537870717231, 389.81078683962414, 171.74748136577622, 203.6721109241777, 227.93935941975352
378.34988107625941, 271.2500819854875, 315.12829753461892, 303.87120284696903, 440.81434425164053, 213.70881089014298, 222.24810125435886, 277.97011511018354, 482.29140033411295, 238.04727600643179, 294.48070551350298, 228.86262198931507, 355.83093968352472, 199.88163288507224, 252.87637576419536, 244.0110831672034
494.0227964257619, 264.94914846830966, 294.06623850281721, 291.50796351278183, 266.50156706985325, 180.00027982186825, 241.11736514944138, 253.66277861877796, 474.45954172039524, 243.61962813330399, 253.35275639064247, 216.73765479497484, 359.221534502868, 181.8217866165765, 214.28242512558185, 258.21661343957618
421.53560721657362, 238.95996666550349, 242.13888642154899, 267.57492757705961, 447.05154648353368, 230.3155867506247, 224.03226731536515, 229.31182387456809, 446.45485641593388, 270.79261241179915, 268.62749241225163, 194.45190203841022, 249.92702866605589, 205.20112979943909, 262.18703410252306, 267.85417029220099
151.64932905852223, 116.80557911804033, 86.733187434529611, 110.71840546928762, 253.88218456528858, 123.92478139976241, 106.23874707316094, 95.25120971912753, 377.14251689474276, 118.03048833750155, 97.783782905352354, 117.34247302661984, 346.47721451564519, 116.09507653447588, 128.61684452465852, 135.00959526046123
